function c = rwb
%RWB Red-white-blue colormap.

c = [0 0 1;0.104575164616108 0.104575164616108 0.993464052677155;0.209150329232216 0.209150329232216 0.986928105354309;0.313725501298904 0.313725501298904 0.980392158031464;0.418300658464432 0.418300658464432 0.973856210708618;0.522875845432281 0.522875845432281 0.967320263385773;0.627451002597809 0.627451002597809 0.960784316062927;0.732026159763336 0.732026159763336 0.954248368740082;0.836601316928864 0.836601316928864 0.947712421417236;0.941176474094391 0.941176474094391 0.941176474094391;1 1 1;1 0.888888895511627 0.888888895511627;1 0.777777791023254 0.777777791023254;1 0.666666686534882 0.666666686534882;1 0.555555582046509 0.555555582046509;1 0.444444447755814 0.444444447755814;1 0.333333343267441 0.333333343267441;1 0.222222223877907 0.222222223877907;1 0.111111111938953 0.111111111938953;1 0 0];
